FIR Coefficient Optimization Results
==================================================

Best Coefficients: [2, -1, -4, 8, 8, -4, -1, 2]
Best Accuracy: 0.644

All Results:
 1. [16, 16, 16, 16, 16, 16, 16, 16] -> 0.600
 2. [1, 2, 4, 8, 8, 4, 2, 1] -> 0.511
 3. [2, 4, 6, 8, 8, 6, 4, 2] -> 0.378
 4. [-1, -2, -4, 16, 16, -4, -2, -1] -> 0.622
 5. [1, -2, 4, -8, -8, 4, -2, 1] -> 0.578
 6. [1, 0, -2, 4, 4, -2, 0, 1] -> 0.556
 7. [2, -1, -4, 8, 8, -4, -1, 2] -> 0.644
 8. [-1, -1, -1, 8, 8, -1, -1, -1] -> 0.578
 9. [1, 1, -2, -4, -4, -2, 1, 1] -> 0.533
10. [1, 3, 5, 8, 8, 5, 3, 1] -> 0.489
11. [2, 2, 4, 8, 8, 4, 2, 2] -> 0.511
